1793
-1
905
1536
201907
0
10
1
10
2
10
3
10
4
10
5
10
6
10
7
10
8
10
9
10
10
10
11
10
12
10
13
10
14
10
15
10
16
10
17
10
18
10
19
10
20
10
21
10
22
10
23
10
24
10
25
10
26
10
68223234
1
2575
85000450
1
656912
0
0
268505089
66
65
135205121
66
10
101384453
0
9
10
2049
59
25
459011
77
524546
77
302256641
1
10
16974595
0
50529798
10
25
524547
96
50529798
10
17108738
1
251790353
101777669
1
17565186
87
524545
91
67
167838467
-1
134287105
3
62
659457
3
459023
108
2049
59
25
2049
108
1793
115
2049
115
117506307
0
108
0
524545
25
113
168820993
0
127
1642241
127
134283523
7
113
1793
108
7
524545
2049
108
1793
108
16846593
127
142
141
1793
67
16846593
127
113
141
1793
67
7
10
659713
1
659713
2
659713
3
17108737
3
2
524559
108
2049
108
2049
108
2049
122
168820998
2
0
0
167841793
180
5
17826049
0
180
2
15
25
524546
165
134287105
181
96
2305
182
459023
190
134287361
181
185
659201
180
2049
59
25
84152833
48
286458116
10
459014
205
184618754
45
25
16974851
-1
168886532
1
134284289
1
214
134284289
0
205
660227
32
0
0
112
114
101
102
105
120
58
95
0
285278479
231
7
2576
524546
82
1641217
1
167838467
228
2049
244
2049
240
524545
231
200
17826050
230
0
2572
2563
2049
221
1793
134
459023
134
17760513
147
3
167
8
251727617
3
2
2049
161
268501264
-1
127
10
2049
200
2049
161
459023
134
285282049
3
2
16846593
127
-1
127
134283536
1793
108
16846593
3
0
108
8
659201
3
524545
25
113
17043201
3
7
2049
113
2049
108
268505092
127
1642241
127
656131
659201
3
524545
7
113
2049
108
459009
19
113
459009
55
113
459009
15
113
459009
17
113
1793
5
10
524546
161
134284303
163
1807
0
1642241
230
285282049
347
1
459012
342
117509889
180
342
134287105
347
200
16845825
0
355
339
1793
67
17826050
347
250
8
117506305
348
358
67
0
9
153
100
117
112
0
375
11
153
100
114
111
112
0
382
13
153
115
119
97
112
0
390
21
153
99
97
108
108
0
398
27
153
101
113
63
0
406
29
153
45
101
113
63
0
413
31
153
108
116
63
0
421
33
153
103
116
63
0
428
35
153
102
101
116
99
104
0
435
37
153
115
116
111
114
101
0
444
39
153
43
0
453
41
153
45
0
458
43
153
42
0
463
45
153
47
109
111
100
0
468
47
153
97
110
100
0
476
49
153
111
114
0
483
51
153
120
111
114
0
489
53
153
115
104
105
102
116
0
496
333
159
112
117
115
104
0
505
336
159
112
111
112
0
513
330
159
48
59
0
520
59
147
102
101
116
99
104
45
110
101
120
116
0
526
62
147
115
116
111
114
101
45
110
101
120
116
0
540
221
147
115
58
116
111
45
110
117
109
98
101
114
0
554
96
147
115
58
101
113
63
0
569
82
147
115
58
108
101
110
103
116
104
0
578
67
147
99
104
111
111
115
101
0
590
75
153
105
102
0
600
73
147
45
105
102
0
606
261
159
112
114
101
102
105
120
58
40
0
613
127
134
67
111
109
112
105
108
101
114
0
625
3
134
72
101
97
112
0
637
108
147
44
0
645
122
147
115
44
0
650
128
159
59
0
656
288
159
91
0
661
305
159
93
0
666
2
134
68
105
99
116
105
111
110
97
114
121
0
671
160
147
100
58
108
105
110
107
0
685
161
147
100
58
120
116
0
695
163
147
100
58
99
108
97
115
115
0
703
165
147
100
58
110
97
109
101
0
714
147
147
99
108
97
115
115
58
119
111
114
100
0
724
159
147
99
108
97
115
115
58
109
97
99
114
111
0
738
134
147
99
108
97
115
115
58
100
97
116
97
0
753
167
147
100
58
97
100
100
45
104
101
97
100
101
114
0
767
262
159
112
114
101
102
105
120
58
35
0
783
268
159
112
114
101
102
105
120
58
58
0
795
282
159
112
114
101
102
105
120
58
38
0
807
266
159
112
114
101
102
105
120
58
36
0
819
320
159
114
101
112
101
97
116
0
831
322
159
97
103
97
105
110
0
841
367
147
105
110
116
101
114
112
114
101
116
0
850
200
147
100
58
108
111
111
107
117
112
0
863
153
147
99
108
97
115
115
58
112
114
105
109
105
116
105
118
101
0
875
4
134
86
101
114
115
105
111
110
0
894
339
147
101
114
114
58
110
111
116
102
111
117
110
100
0
